5877
142
3624
10212
10437
1300
3665
4320
1301
9636
9123
10899
51155
259266
7170
23213
1063
64215
6696
3015
2335
10094
64222
3627
8270
4680
8111
101
7083
22916
9997
9276
219699
1894
341
55013
29956
6004
10312
84790
1508
54480
80896
28956
131578
84914
55165
10381
699
983
6286
10567
2146
7873
1033
533
10112
7818
80097
11130
90861
5721
80178
3838
79894
9144
29097
6574
332
6503
79415
5111
55969
9833
29127
4931
8774
29095
63931
4282
3308
10528
26472
6637
10440
6016
1396
10897
81873
1890
9221
23012
92815
51514
8630
11335
5687
79180
3149
50515
10376
5050
10270
11021
11031
10615
4312
5437
2896
64754
10519
6241
3833
65993
811
55872
9673
79953
7292
91543
55143
1192
55732
7153
808
79682
3925
1062
9939
55379
10797
5686
50507
4283
8290
51291
1509
79081
9768
6183
4860
81552
7355
54
103
9854
51177
11068
10057
10403
3161
29980
59286
10051
602
2537
4001
11015
55775
891
2191
10095
65990
7076
56833
79570
56992
79833
9518
55653
55176
6804
11339
22974
4973
11320
6498
29108
5692
27
9500
8638
5931
2210
9401
2553
3229
4237
1462
5373
9088
57405
23528
51097
9055
79005
5328
9052
9
836
10063
11314
5307
51142
79581
27089
64092
23753
6282
51330
60559
9645
5440
9473
5888
29028
580
8703
10409
3014
641
50615
6890
9619
9787
1295
79677
3998
1345
7171
4940
7011
4175
1841
6119
7264
80210
3336
8914
10922
55858
55738
28998
25896
7107
23042
3020
11065
2720
26608
27338
9493
54458
6713
7058
9168
8519
29844
3162
10549
6921
55656
79713
11014
24141
5031
4321
23480
10092
79001
6634
4157
10379
27257
3148
6905
7529
5329
7272
22928
1164
4318
6398
7462
60
23412
9133
1503
51728
9454
6396
3614
3315
3608
51182
7286
5718
6790
5831
1175
8318
80010
9601
65263
51016
220134
7188
9775
9643
1155
51203
4751
5052
1289
9232
261726
79651
7533
9296
8840
9816
4686
23380
57645
86
7328
10589
83442
29957
3093
7298
26047
23636
3937
65005
3856
55222
54499
4794
54915
5710
23413
9961
63875
3301
1290
50848
1870
23586
4708
5993
7057
55127
397
11113
5724
9470
57826
1230
64216
79135
6944
54968
8438
7804
1311
3597
475
963
54972
84823
6382
7456
51022
10096
6351
9555
514
8399
1043
8655
22948
6929
22976
2029
53820
9308
7203
58986
5538
1809
898
81839
1277
27253
9056
10248
1039
4946
25879
55388
7430
201254
822
9184
26097
8819
3185
4710
51504
5832
820
27131
3310
10195
55055
25790
6923
145389
23063
7138
3431
5720
4016
54478
55233
2359
10
25769
55157
57103
79622
11004
54664
528
4758
55010
10907
2261
83461
5819
51604
3396
6748
51582
746
23295
586
80222
10535
51176
10267
7037
112399
4173
54845
672
6772
28977
51192
10744
4582
6356
375035
4085
54707
2175
5194
51094
30850
3796
9453
10048
2782
11334
527
4832
220988
10975
5618
9695
3312
1032
56886
633
11022
6646
3689
1278
6850
1476
51160
10109
2633
55048
4753
79169
23161
4830
51651
54809
3028
860
51296
54210
4800
9915
23397
9185
7130
3964
990
7009
2710
8728
9978
64151
55248
64778
54819
51599
79866
55706
58472
79980
10213
79006
578
5436
3383
471
3936
10867
29107
79017
9446
8416
11116
1351
5366
11082
79077
9616
80736
54512
1111
4170
9033
8192
55526
7295
5347
3070
29796
2787
2617
51430
50626
56681
23219
4323
55257
79646
10269
10410
11057
84900
51734
8646
4706
1893
8562
7262
6533
5631
7941
5133
7514
1009
1871
10654
1236
79828
71
23138
79961
79754
53838
400
54820
10169
6373
23272
60681
23532
5691
10055
10024
2232
10945
113
51691
55705
9871
129642
54442
10952
51056
64768
2815
26150
11230
5984
7167
1047
3183
9640
2058
995
9735
55635
79144
5693
55505
9764
55803
9450
51339
2987
23704
80774
55974
10430
5238
9727
1869
79143
138162
64761
1907
2287
5704
3094
2355
637
6650
4148
23385
7163
23643
2664
51701
7351
3620
5707
1054
27246
171586
55317
51364
11098
6652
10926
1020
9447
2161
27075
9021
55110
23560
51021
3281
55057
55105
54868
81929
51596
54985
8317
79644
51393
11025
5531
26750
51571
51668
5698
5033
5685
10293
6635
79956
7077
10560
3706
8895
399665
8880
26355
57118
57761
23214
4726
10969
9955
29088
55282
3875
5770
29100
26064
51371
6897
114899
7040
597
4050
2013
10311
1234
4060
5002
22926
23225
79957
8503
59349
9726
9949
2548
4201
1213
27301
126353
54953
10954
3902
2239
1490
4600
7334
11273
1478
8930
4688
3059
51150
79590
54344
23234
9898
9537
9148
79778
5880
51460
10336
51282
9156
1207
1520
339229
23670
5788
7090
9595
94239
9051
10762
81930
26031
366
51466
51027
3799
6478
4616
80179
55884
9551
29901
2671
79573
23309
2960
51659
9578
56061
6434
2207
23788
55630
2495
4814
9748
3619
23082
4314
6513
3832
79019
7803
1810
79412
23080
80067
11274
7158
23625
968
93594
10471
9097
5594
93974
10635
9991
10342
2305
5914
9404
7305
8879
4718
55793
4938
51690
253943
6728
25903
7805
5862
28978
5216
4291
5885
6354
10682
9894
25819
79751
8537
148022
3151
7764
6793
9368
79669
84298
23304
59307
56474
3490
7064
5965
3140
27101
79719
908
10745
6636
11108
7979
55040
55204
23589
4696
1293
51714
51686
9267
784
64746
84722
6632
10288
8187
1347
23513
930
400506
29803
8349
30001
56942
2286
10576
1992
3003
890
5898
24145
83464
51363
6993
56902
27161
8767
10627
57586
10561
8833
3429
54187
6362
4481
4172
541578
10456
10016
9554
1655
25807
10237
50807
90141
79577
1072
57402
23424
51018
54856
9684
7260
8766
2517
9945
2931
55911
28966
51768
9603
80757
10631
7319
8817
7372
1380
3606
54998
4738
9412
5999
57147
80209
430
26063
4247
23310
5902
684
962
5739
9391
7371
7940
81031
3433
55839
1978
241
64423
2215
64792
25843
440026
55076
2821
374655
6999
1337
8131
22979
7477
55568
10972
55093
11235
2026
56882
29914
55219
8698
5910
5699
29893
55454
489
5917
6674
6102
55743
2956
55092
5279
25829
10434
1029
11052
25878
54865
4234
54093
10721
80776
8813
10125
2288
2530
2676
116372
23475
27125
9985
55577
51287
55686
78994
26585
6278
51236
8974
57698
3984
8407
8870
79929
2212
1263
4905
2213
163486
991
25804
4521
51079
11316
7444
6627
2017
7409
54432
2674
55284
165
9550
26984
55676
5202
79919
1340
3416
1513
3251
3589
3790
2829
5008
11059
9130
55346
55466
3704
7779
940
10492
10036
7226
24137
6752
27237
2923
5058
26271
272
6455
10097
2280
51188
10103
10801
5315
2155
57089
8038
79042
1917
701
5223
8535
10383
3068
2625
7038
10460
6343
10487
64319
124583
6615
79666
63898
1514
126321
391
8514
92140
9897
11094
81579
51167
26999
79075
78988
79714
29887
840
10713
9719
1058
23204
7357
3557
1774
4893
4192
6347
7464
10577
51001
79157
2224
79832
378
8483
27258
55509
4069
9620
2512
10190
29899
754
55249
4837
57472
80004
2357
159
10565
51377
8396
10466
3954
79876
26233
3836
7150
81931
4288
9093
26517
10581
65997
26024
5341
9633
2597
28974
7965
1678
5690
6001
6611
83743
124222
6902
10548
54958
5795
9332
79139
2630
23545
29937
26292
58477
2535
7518
643
2014
9553
5996
3840
55197
8467
4700
7172
3576
6787
970
27074
3437
56954
6240
10380
307
3182
2123
64781
9034
9703
389898
54962
22919
6618
2000
1603
9889
27348
10970
945
8553
7353
23167
10775
9770
5106
3398
9926
3797
103910
23600
4701
25788
5682
23594
6303
10808
4605
1200
939
6746
4267
8073
23155
2533
10542
55500
56000
205564
5603
7137
5424
79847
54892
10159
79230
60493
10734
10476
55684
2990
55315
1789
6629
7004
55166
3678
57130
23170
1729
55334
11236
23583
9217
3181
51042
10658
9582
51067
79053
58504
22820
10946
3110
3500
7316
10761
403
64063
10651
81875
25844
5029
29760
54951
8778
10244
51760
7162
387
51124
1315
3685
81669
51513
1382
9261
55239
3357
9521
10557
79000
2854
4542
23208
79697
27132
26499
57194
7884
29110
9329
55231
10923
80781
11332
4335
9830
64856
100
55851
10102
579
6726
79145
1632
51009
200315
85476
79022
10971
2745
55203
79760
64780
201895
5701
9650
1627
5423
4885
1477
967
9246
4599
2624
55766
8045
2189
6047
6676
7321
3687
10947
10884
23394
80308
54829
6695
25855
9218
1942
3775
3845
4000
6401
10474
23395
79709
10446
55062
55471
92609
4171
7408
11309
63899
26515
57570
5557
29995
84525
7110
55848
81030
8443
10308
2784
5810
26508
23178
78991
11040
64866
23370
2237
4586
51506
1474
2972
5694
6732
79074
51729
8459
56889
2153
7852
5504
148229
3096
3587
521
56649
11226
3718
57380
1350
80223
64766
3071
27071
54020
393
5805
11177
55776
26973
9315
7070
6996
9125
55847
11163
805
4976
22795
26027
5753
23639
6363
10987
79447
79413
51012
2764
705
6664
23096
10962
5684
11047
55830
4815
7251
387263
11277
51809
5872
10261
80218
113251
22872
9498
6493
10855
6039
22846
1453
607
149986
23322
3418
5688
25926
26578
4603
7314
94081
8673
9381
6667
10863
55355
1434
1390
3249
7410
117246
10672
80255
3309
3065
79723
6597
8667
4735
27243
9532
6120
79624
51406
58
80342
10452
595
55754
55512
871
10481
1366
6874
51025
669
29071
5439
80124
5130
51478
10765
51637
64087
1512
84942
7112
8705
54843
3382
9824
1081
5429
50717
199
204
3553
409
648
7752
6361
26521
3993
5597
3109
4642
1523
3001
84612
6613
972
51319
84705
4287
6727
27067
11196
10653
7045
5689
3364
26039
27173
1048
51014
3430
10551
9836
1977
27036
5920
4968
5777
116832
10263
3880
2817
5004
10964
2820
23288
221960
11221
7182
80149
79269
28972
2918
90480
23562
28969
8140
658
8875
923
9363
8239
7534
22985
5326
65094
2302
7031
4957
83460
3002
80346
1122
6280
5127
50810
7124
1536
4709
1633
9950
85446
26528
55723
55973
80063
695
54440
55957
10053
832
56937
27094
9158
6697
84720
22859
54978
9857
9855
1087
1359
3157
3720
6878
435
56683
2149
3751
79802
353500
10457
1404
5955
8896
23463
53827
1540
3303
26128
10327
2306
7332
54825
23381
51540
53343
55601
83448
64374
23255
969
6405
23446
23623
23468
2935
1281
84934
2683
6678
6720
51199
6888
79083
81609
951
10534
79693
5778
51715
23613
9777
5251
5427
55759
55733
5800
55313
5546
79630
2016
644
7336
10138
1291
6050
6279
29851
57634
1522
10772
6431
2203
442194
7187
7247
9263
203197
57198
23165
9980
22827
51622
64581
9631
79092
57333
537
6675
80020
4097
284403
79930
79959
5210
1374
11319
1659
6415
971
23601
90410
7544
79763
51128
55254
920
8754
8242
9282
8195
996
79801
1325
6990
55752
4124
8564
54923
23423
93081
8520
55034
2876
6051
8672
11222
399
151987
80000
2773
81566
3726
6633
8372
253782
1075
9120
8634
78999
29923
6857
81790
5971
11266
1760
54847
8737
51204
8507
54503
80267
6232
23529
23197
9801
10817
30844
26502
79770
4332
10221
22921
22807
10154
29065
356
9306
11200
5515
54205
57045
3267
79094
91775
5982
1880
28958
64080
9015
171546
6620
55762
3835
8527
6556
10592
23274
11264
4294
54939
56180
5292
147339
51109
55065
54552
147657
8795
2027
113457
7718
2582
80301
950
10175
55785
51207
10483
51340
55740
6729
81542
8702
10204
51338
55326
221823
55039
10362
55068
51573
6482
140460
9235
54436
83696
3772
9766
5359
5683
54539
54732
164
1349
6742
79838
3904
55663
29855
51026
10005
10220
29086
51318
23382
56848
22893
8635
2650
79845
11194
51706
4717
79037
1163
9114
8805
102
2301
3661
3134
7494
3939
2885
26115
55657
11243
6546
23400
1781
9437
9517
8269
9462
5558
1775
7046
9937
55813
638
64175
402055
65108
9612
54491
5230
9814
27351
5441
51075
2444
8273
623
29102
1861
9091
54859
9047
7378
51603
10564
79177
7554
4068
786
9692
6036
3669
88
2802
10874
10160
55223
10467
10618
8872
640
3604
6484
928
65010
10606
3145
8815
483
54209
8934
1586
29766
56888
55181
357
10859
9111
6284
6903
63893
3659
22797
5110
79170
79585
23244
55324
7317
1292
1973
27000
7323
8477
3710
92342
9416
57111
11054
81858
4694
79818
965
8799
813
286451
79174
125058
10451
2752
79829
23094
51241
57804
1154
51512
5003
11073
587
439
576
54583
8973
90806
10912
79176
80344
1673
5271
79729
5147
51280
23596
509
9060
23196
55357
54812
1181
8886
9679
54849
10785
2615
5087
57116
5073
10388
26716
6281
10677
9019
4841
64135
64386
757
23317
1951
54431
4200
55833
89845
10630
10538
55131
6657
80146
5579
79921
26253
4179
53
81688
79902
9592
3621
55791
9016
25874
6924
9689
3607
51314
55660
29103
567
64132
51593
79132
55207
79691
6185
3313
7474
7584
3631
51141
55341
4695
1595
22796
24138
4702
6176
4319
6845
8458
6647
4046
11171
57102
23658
7159
4591
11016
3381
713
55840
2200
9570
9837
79023
10229
10228
4935
9935
6391
1997
3978
375
4707
2590
9377
1178
6150
909
5261
5822
23306
3559
463
8625
550
8208
6505
51441
84288
55585
5476
54863
3920
9908
1718
23555
1314
27095
8932
9262
914
4253
9718
51750
80321
6182
51567
2124
4015
7905
9361
6184
4322
2932
55191
8832
9054
23516
116039
55765
6789
4144
9191
79935
81620
58526
79072
51096
79086
23046
11321
55173
3120
2647
64844
84168
11174
5408
8943
7027
79989
5610
51643
3169
1763
5624
58478
5445
2491
240
753
6524
2841
3376
79873
80761
6642
3560
7072
65080
8729
960
7844
9873
65220
1121
54504
4524
58500
7036
29888
29114
22845
55353
6827
11184
7156
10625
2048
5708
55651
79924
3052
4670
183
4158
5368
6731
65125
8550
23597
11043
6692
9976
58497
9141
27434
60488
9355
25782
7358
81892
10198
27339
10614
6515
3150
5716
10692
5713
27240
3091
5017
2697
55661
5435
6588
8260
1717
1069
51382
285
84561
8786
10920
6809
55227
6428
5825
55103
196483
5083
1846
164022
1026
79631
5349
55194
80345
9131
5706
1118
4637
80195
4100
54455
645
377
8706
7553
54964
25939
10753
9352
8714
115
3212
5966
10916
9415
54869
9188
1022
51742
23659
8804
6883
8985
8725
80231
56731
10609
4092
4646
4613
7126
9690
9022
26470
1945
9394
171558
79609
170679
8027
540
9948
55269
6780
6495
4008
56270
8552
55041
9149
1612
2268
53346
5771
1876
27180
8992
57613
3073
4643
9451
5054
54739
51316
26469
65055
5308
29984
25941
5170
79070
7832
4126
26000
3061
5205
65083
55002
6451
3851
6683
25980
9215
78998
8542
3305
84804
5654
80830
10265
3956
137886
10432
8480
26284
28957
26525
4254
64419
829
64421
51100
10226
3684
9118
7073
54453
83737
84440
80131
1875
65082
9956
26519
9841
260294
6877
79885
6573
6041
51284
56893
81614
55771
7074
79140
6760
3932
712
3297
3219
708
11322
2527
51131
7266
64083
10650
4697
65244
5524
64127
9759
55567
1041
28985
2079
661
2833
10436
11326
6699
4076
7422
1176
7837
80167
90204
64769
3927
4218
114885
57669
79050
824
23523
138050
4796
51081
10733
10573
51324
133619
7850
10309
915
22889
79792
4729
55332
3757
375346
60561
4712
9967
8019
5529
79915
81501
80258
9826
8509
3354
27128
23429
26005
8394
516
55892
23163
26228
176
10330
3257
4939
11315
10473
11156
1384
776
7257
79716
21
55619
80307
976
6388
56616
1777
8573
6402
55156
3683
5294
201191
10574
8912
523
29082
79096
5281
54733
51317
93349
80271
9205
81569
3483
2581
27238
7738
1482
4356
51008
5641
64149
51647
5309
80176
79958
285282
27235
4293
8794
10328
8683
55756
839
6037
57050
24139
2771
4236
92595
79736
3858
6811
51143
26610
9175
1240
23533
7535
63897
90355
51065
55573
10951
55746
23647
5552
2021
29909
5876
10536
4668
8559
79865
6949
1201
51290
91298
28960
4292
79774
8034
49856
55364
29927
54982
9212
55744
7512
81622
3491
5499
51450
23076
64174
23552
55699
7903
7033
9197
60598
7453
1019
10219
1000
50863
4552
29074
7993
5985
55027
1601
5422
26548
51510
4661
5475
3074
4125
6439
60673
6369
51411
80169
4925
51547
5480
2936
64848
7293
6424
26993
1397
25897
57127
1441
917
58533
54880
157680
222161
734
4833
84444
9788
440915
10135
10276
27314
55854
6881
3055
7341
55208
9546
10042
126208
1773
4350
7050
56926
4007
2206
4111
4084
5874
79962
51013
5428
3959
8674
23362
3226
830
7180
54980
7043
51352
6631
25837
28
79621
994
9973
51465
9738
51083
22854
372
3949
79172
3321
11133
6532
8534
11001
55052
4313
6049
1786
10105
6648
2967
647288
4728
9797
6810
146542
9129
2786
51561
54502
2166
6352
4176
9119
51495
2162
55016
11153
7412
4327
79637
27286
55255
23291
3111
3575
1748
8760
4354
81796
64901
6494
79078
2521
10652
65243
22920
29935
5714
23169
64759
51400
23246
64859
80184
8682
64328
2125
29929
83716
55720
7490
7597
56521
8487
64710
5540
9818
51657
57099
51134
90522
4607
7345
3371
1409
22880
11260
10478
54836
55779
6707
5861
9921
55741
3101
25915
55339
50852
79698
921
158747
10225
57332
1534
8076
29104
3224
5167
26145
8986
1089
9080
55435
2958
2733
79944
396
9969
79816
6195
64601
57214
9941
55647
55914
10980
93210
9319
5987
80233
55312
933
4074
56253
51303
29093
15
79903
54626
10525
696
55296
9025
7186
114884
771
80128
91860
488
9258
330
4677
2842
993
7165
79917
6198
83658
192683
79807
283131
23212
55038
25936
7705
10093
79187
26212
5912
55589
6355
79228
6320
80194
3216
23129
1665
219
3108
7322
51617
639
54993
4720
8453
29925
11127
8636
5697
9238
55729
2585
8482
54852
2731
5093
2909
29922
2739
6584
56938
10771
81570
9623
7311
726
4920
23765
10488
11237
84061
18
51606
5396
113835
23029
79948
7840
6917
2643
10849
55365
123803
23547
2691
192286
11284
3115
9128
4477
8836
54919
3693
3146
1105
9918
9209
1965
3215
9831
84296
85477
10620
27346
2151
23074
10130
55856
9531
23157
3551
1794
10002
1013
2064
4052
1235
3241
875
55591
23109
3036
22870
2926
26225
90993
7846
7516
54541
7874
7056
93436
259197
3692
2358
1847
51428
3423
7690
7283
29034
11017
1186
51365
10075
728
2099
79586
26354
79016
4117
55669
51765
24140
79850
79784
5973
60625
9053
23646
57823
54434
91949
9674
1296
29035
5330
3702
79568
56729
3163
51398
3385
343
64377
5663
2975
9917
8818
79731
79803
64837
7545
768
3190
1329
191585
9373
55831
7592
7706
80150
10078
54877
10588
56894
10170
23248
25880
5927
64089
283537
2828
11187
4602
5889
5514
10424
10262
54974
2271
79657
26263
22835
5782
4486
23133
22809
10539
10552
55841
4191
952
112464
79706
5317
2813
7097
4151
2925
3060
100287932
79718
2886
8408
6272
7867
9557
841
3887
9746
8517
23590
6046
3188
80324
84272
25800
51642
3164
55827
23158
10121
51105
26504
54908
64975
65999
8078
956
5954
1606
8882
5026
55293
27032
27092
9681
55291
2192
3965
1068
10666
51233
6019
2015
79874
9914
11259
10943
6231
11020
55781
2563
60685
1174
64789
56672
7096
26093
5452
26586
10040
5905
3622
2158
5518
2692
4593
8658
3612
8751
6227
4004
55149
5034
1452
3728
2717
23498
64231
1537
10333
4261
387893
5352
5591
90362
381
54834
9545
5939
57134
54854
1795
4982
50943
7093
7326
1016
8000
29959
79759
63926
7472
23484
64428
55347
63901
5908
54474
5331
10730
10438
23366
7737
7109
9349
23215
55226
1716
112611
8419
6310
9765
4363
4776
64840
6368
5695
79898
51362
124801
164656
25948
84928
867
25932
7088
5573
8115
7390
25803
57818
206358
3029
27304
8013
9480
27097
5451
80232
6521
2992
27299
64131
810
5828
53340
367
55696
9786
9700
84975
65264
23378
81556
8445
10295
57126
347853
57415
6610
51321
9338
27005
79852
55116
899
2172
27134
5195
5723
60558
10948
64747
9472
1455
112479
51438
79931
55175
57154
51397
55035
4913
6899
1796
731
10866
138151
55172
2580
55596
343990
10903
9443
25994
5768
1802
8772
29933
1820
92170
7678
427
10203
1040
54795
1604
55361
57084
54584
22953
4436
5893
5099
2783
10981
6942
55972
23126
79899
56159
214
203
8851
8449
6628
6202
79705
4846
2825
23231
79368
2888
515
9793
10101
10938
6659
3446
55367
25796
79717
51548
5562
388969
79591
7284
5118
998
57053
10401
5547
1445
56946
83481
1317
57799
348
1813
1030
5116
54505
9960
4793
6155
7013
6596
10273
2914
65265
6716
55159
400451
5676
6542
10749
3682
9040
8497
3987
5305
6571
3605
51218
54165
10960
10908
1316
10107
4817
55009
10209
10507
26148
51270
79977
522
9147
11147
432
10572
79934
92689
4072
8717
9761
5601
23166
22850
80129
1146
4249
411
83443
126017
4656
9712
955
5756
3805
10148
8099
5141
63895
23649
51451
782
10800
95681
55450
64963
9358
55655
3695
23438
64863
6583
55161
10807
10793
3419
5080
79839
2765
91300
26073
196743
57175
8692
9743
3192
81035
910
10178
10018
9325
55625
60684
54509
4681
29066
54855
10247
56905
3269
846
79668
23633
10314
8557
440352
3903
56995
10533
23428
56892
9014
56903
51002
64108
7726
1594
5590
23019
10669
5128
7052
931
9741
1800
5371
11338
79820
11262
55905
26191
9760
5438
51202
5983
6483
11180
1326
83638
10985
55072
3460
6694
124044
6671
2072
259230
7294
25797
51070
3037
79652
60496
8945
54867
2065
55423
5790
64853
9371
11154
9283
6873
4017
79598
64236
27068
26017
84107
9398
2847
5509
283638
9562
10287
55142
55337
649
64782
7278
27039
57132
3087
2551
2996
58495
79641
727800
54517
55311
8061
10755
54470
6400
55008
57551
10739
9360
221472
84179
8621
27289
51702
80122
1877
79183
64858
5049
81849
89874
1143
2054
5933
7421
80765
55114
2880
1719
163
6035
6514
1024
10006
1173
50999
9970
2245
2235
5024
7185
56341
23043
7184
51068
79922
8050
5979
23576
78992
55196
10007
2814
8178
4647
79701
5479
113878
2219
23194
6698
55253
7392
10202
26503
3786
51741
5458
273
27130
57466
9662
55777
9057
11311
54904
65992
59343
613
1014
8266
55200
3320
53347
79722
55012
5320
4644
115201
54893
9375
55508
79740
10989
11027
740
27033
63941
55096
26048
8383
5580
3929
5696
2562
9659
10678
79710
100506658
5143
5988
7174
149111
759
5763
4221
10714
8079
57157
57369
2077
775
79811
3921
5747
56300
26256
6575
9859
7020
2584
8530
978
51762
152185
6472
10396
56660
57680
55654
656
6733
7701
22838
3988
2023
3781
1909
376267
81034
4839
5276
5355
6612
4778
23200
4150
23509
226
9342
55692
4502
4543
11117
6283
22906
6171
10608
9152
2322
251
6509
6721
8800
9535
8942
9856
55343
8678
79814
6799
23620
2862
79665
51195
