5052
2959
51398
6634
2553
3151
7852
51116
9815
8678
2739
3840
55023
55577
55670
3692
2585
9538
6446
9709
5694
307
7529
10494
55794
4686
2237
55062
114049
5393
56259
10440
2589
51335
23016
5202
9935
79892
1032
3055
11066
7305
3418
55526
22856
4800
55164
47
51606
10221
9817
29880
4947
2975
3182
9766
6494
7405
2353
7159
10885
1317
51571
3659
10487
334
10933
23335
3315
9991
1432
9987
5290
7158
54882
54432
3301
55114
51155
80742
7372
27013
9577
10972
79132
3838
54968
1659
7374
92609
5699
56984
3184
1213
2131
3093
8664
4758
55379
9447
57761
10270
10285
4218
79080
5691
6431
2643
79016
9770
3726
55257
7531
10437
9846
51816
26520
9404
57018
10237
56888
537
27430
23054
57103
1175
313
56681
6897
9748
25814
378
10409
1665
7091
25
5707
26057
55339
6418
8761
28960
3251
4358
9332
8576
79084
51451
26578
8778
2597
8880
23219
51727
9477
26058
50856
5530
51701
55295
29097
79180
2107
50809
8665
5315
5930
58477
51382
51324
8661
11100
310
5294
30851
9861
7867
5862
53635
9416
821
7873
3068
9871
8648
3660
79840
10363
9777
754
65123
51237
54948
7511
1794
9246
7812
54840
55353
29956
28969
29929
7431
6745
54939
2746
10564
10714
54954
55501
271
3939
84975
11073
1891
5867
3460
90411
9887
3728
51303
9354
10953
10146
94239
64121
3936
142
6421
5537
2990
308
2268
5547
7076
1653
7171
23596
928
7099
79001
