51155
6574
10437
142
9123
8270
7083
11065
5877
51604
9636
6637
3015
6636
54968
11335
101
79180
28956
8345
8968
55013
7873
10212
10440
397
808
29956
64222
2553
9978
80178
10094
3838
1396
1032
9961
1351
8346
5052
56681
84790
7529
10063
514
8344
3925
10409
23042
7171
29097
1508
22916
90861
746
7818
51330
8356
963
3315
23480
9088
9939
54664
7170
85236
11314
4701
10092
54480
3148
6503
3665
3018
84914
9997
5721
10567
6634
8343
3308
59286
11031
10519
4686
3936
7076
79001
9991
79651
8330
5111
55379
8655
9619
50848
7355
8331
10899
4696
3185
9144
55233
3301
3006
10057
2896
2537
6286
8365
80896
51097
717
6382
5788
4282
1462
79144
4800
54210
9695
3151
10270
9184
4318
8342
79894
7292
533
29957
8073
5692
6351
103
9871
5437
3614
1509
3093
55656
7430
7351
9276
51203
9168
1345
65993
6396
54499
10907
9643
6282
6398
1175
113
55505
3162
55057
9601
51393
9308
27089
1890
528
8361
29844
9555
10379
7764
27246
10342
23012
55526
81552
79415
55969
8728
10972
6183
94239
64092
10095
6850
7305
2782
57103
1043
3014
9296
2058
28998
995
7514
5862
2029
54707
56889
3312
63875
1236
23753
79143
79833
22926
4946
5686
9267
4157
2931
64215
51571
1155
5050
78994
3964
8290
7462
3937
4718
24141
51296
51701
57118
1213
9447
4940
822
10312
8895
51142
9673
60
23309
5329
9446
51504
3856
6618
79957
8340
51177
10048
55257
4860
57826
3017
3597
10055
26355
51714
6804
8819
2207
10922
1311
4938
10528
3875
80774
1520
6434
23385
51599
7107
7264
9450
54915
5832
5914
79017
7533
23468
1230
7372
10376
30850
51596
10945
7456
3431
79005
5687
3183
79581
5724
5707
253943
23219
4710
5885
9748
9021
9551
27257
5739
9056
6240
8880
3068
7852
5531
2280
10589
112399
10551
79135
27338
7077
9473
50515
55793
55577
366
9500
3689
8407
54820
51291
7158
81873
2710
58472
8778
5031
84705
10952
8355
5429
8239
4753
3840
7040
64319
10975
2787
9764
8562
29108
4294
11014
9770
597
489
10336
27339
6611
5710
10036
5631
54
4758
8349
5594
11025
5971
10954
8703
8192
51160
3398
4735
10682
8339
968
9553
10471
475
54985
527
5202
2286
1810
8553
9156
1992
9315
5216
55454
9332
7334
5699
6451
3251
8335
57645
23589
2287
23643
51016
79166
10487
6303
5133
57761
6119
4708
307
1476
7803
5931
7004
9454
6635
10970
56882
8638
6431
967
6890
10159
1503
7009
54998
2017
2815
64746
6897
10096
1207
63931
26608
10383
7037
928
4814
4175
2956
9775
81609
7353
23528
1192
51199
8519
6921
2720
471
2615
1340
8350
65005
6652
51094
6728
4794
3310
9404
4170
1478
79573
23625
58986
51150
11316
3620
5373
3835
10244
54432
5538
22889
79751
5691
2288
6923
8242
79042
51167
10410
4688
51282
23586
3797
148229
3336
939
10971
159
10492
10261
10430
7167
86
51573
5315
55684
201254
6772
10460
11334
10923
7203
79666
2305
3028
1978
23214
7319
79169
3704
8646
2232
55062
5704
29100
5753
5341
1374
29088
79081
51668
23636
4234
201895
1536
26999
10658
51706
51124
51728
10654
5223
71
2960
51192
51371
972
1997
79006
3726
3192
23082
8767
10947
64135
2633
9612
7321
51734
11274
51096
8467
8507
3094
58477
11047
1347
92140
4616
10097
2683
6428
23513
6727
25804
51056
27101
11059
754
54344
4905
8354
9582
10863
29110
79713
2533
25939
5880
3490
50717
3140
59307
7172
9185
78988
64761
79145
6513
79980
5684
29887
353500
537
1655
5083
4707
2521
79622
7408
6944
22948
9352
9595
399
5902
1523
2885
2597
7182
4521
4050
3182
7064
11266
7188
51466
79447
51079
102
521
5694
10311
26515
8813
10535
8635
2664
1072
25879
240
8131
962
9640
10576
28969
112398
10565
3267
221960
9246
7130
10221
3281
55974
7477
5002
51398
10269
9935
55341
820
22820
29796
4637
387
1234
9897
5106
27071
2829
5058
5770
9453
5504
79086
84296
10237
2625
2014
22928
10466
26519
65990
55630
29937
27173
26973
378
3065
8930
129642
3939
3418
2752
9684
1512
10772
2026
133619
10248
8886
3984
79763
79132
10109
9830
23225
6953
25843
6597
1841
55729
7156
5690
64083
9093
55884
9948
2972
9777
8672
8833
7805
9578
79577
5695
4726
3608
85476
644
7444
79022
56888
22919
8970
79077
11094
6415
25926
6748
8334
80209
10434
3728
81929
79019
6047
79934
55269
55223
54205
2990
2153
54982
4201
80301
26578
10653
9218
637
3146
79094
6102
5423
9766
7940
11230
8667
64781
3587
10262
10102
11054
3071
55353
9217
6732
55284
5435
9091
695
64844
10154
9616
3396
1977
27068
1315
92609
4069
10016
22846
1337
2617
1477
2237
63893
55173
7045
2512
5778
10557
9859
1200
27036
9898
5279
4335
4717
51067
6903
23562
81688
4738
5359
8678
81030
23370
79818
6039
3060
4046
805
112950
9788
5305
950
5309
23412
2923
54958
391
57804
9592
10288
55326
2123
11264
3659
80218
1632
64581
29927
4185
27131
8795
81669
64423
11073
10067
5017
9470
29760
4830
940
55911
64419
4599
2203
7090
3320
2079
5701
55803
3678
124583
9391
3575
9349
6478
79585
6280
3003
4179
10577
5210
5966
403
5720
3303
29851
23560
8905
3429
51548
7494
25844
8364
10125
1434
83464
10169
8870
3126
1359
4218
2161
4694
965
23596
54539
6613
23788
1659
55365
3434
930
54809
55315
10432
8408
7332
8445
80781
9262
2935
93349
55207
5529
55754
64840
23204
4600
10053
54877
7314
9051
26517
54939
5688
6789
7050
10362
27075
920
103910
28985
56731
51690
25855
5110
5693
1455
5230
4939
9780
6742
2745
3437
11098
2802
8443
7159
2739
7379
7844
9381
7534
6363
4267
29925
26063
10730
2224
9570
7411
10581
5573
65010
54904
4172
10456
22872
2357
3433
54739
9703
2590
25807
2987
951
10195
80344
80231
55723
1522
241
430
51363
8634
79016
51324
55813
24138
1453
7316
6726
2495
10452
9517
10213
84525
5130
6155
829
10817
23533
54505
832
79139
51593
5872
3557
4332
54436
5524
11277
80342
1603
9841
4076
6993
4171
7965
960
6391
1471
4697
10635
4957
57132
2268
23167
9111
6678
3423
684
51109
51450
10762
11236
2821
9451
10228
11151
6494
3055
6455
84298
55249
51075
3109
8019
8872
192286
5518
9191
4706
10564
6484
79961
9550
9801
6051
2585
51287
26499
3904
51188
8896
6648
3212
56270
54843
5685
3927
8932
5861
64780
567
83451
6720
5294
6036
8673
4354
6878
54187
55776
10713
7247
54512
79590
22834
55851
